0   0.00160159            0 -0.000259093 0 0 0
1   0.199821 0.00162541  0.0137885 0.200225        0        0
2   0.406303 0.00584173  0.0260892 0.401223        0        0
3  0.605706 0.0106708 0.0211059 0.602221        0        0
4   0.820184  0.0112369 0.00255117 0.803218        0        0
5    1.01217  0.0102473 -0.0182592 1.00422       0       0
6    1.19928 0.00582261 -0.0295553 1.20422       0       0
7      1.40395 -5.74928e-05   -0.0310823 1.40423       0       0
8     1.59877 -0.00626311  -0.0307752 1.60424       0       0
9    1.78719 -0.0122228 -0.0236181 1.80425       0       0
10    1.98683 -0.0178444 -0.0365003 2.00426       0       0
11    2.19729 -0.0226588 -0.0140135 2.20525       0       0
12     2.4091 -0.0258724 -0.0194001 2.40623       0       0
13     2.6066 -0.0312996 -0.0374593      2.60722 -0.000227224  -0.00651314
14    2.82054 -0.0447542  -0.090531     2.80813 -0.00545601  -0.0492359
15    3.02268 -0.0664734  -0.126053    3.00858 -0.0201044 -0.0968987
16    3.21574 -0.0937795  -0.160416    3.20811 -0.0442867  -0.144562
17   3.43236 -0.133871  -0.20976    3.40625 -0.0779589  -0.192825
18  3.62734  -0.1787 -0.24864   3.60246 -0.121474 -0.244511
19   3.80101 -0.228089 -0.296675   3.79609  -0.17535 -0.298527
20   3.98542 -0.290657 -0.355072   3.98651 -0.239599 -0.352543
21   4.15209 -0.359208 -0.434882    4.1732 -0.314037  -0.40656
22   4.34116 -0.453249 -0.492824   4.35559 -0.398444 -0.460577
23    4.5336 -0.562997 -0.549557   4.53315 -0.492575 -0.514596
24    4.7071 -0.675202 -0.605752   4.70537 -0.596154 -0.568611
25   4.86763 -0.793975 -0.662431   4.87175  -0.70888 -0.622626
26   5.02726 -0.927672 -0.721112    5.0318 -0.830423 -0.676641
27    5.1857  -1.07148 -0.781621   5.18505 -0.960428 -0.730658
28   5.31402  -1.20609 -0.838411   5.33106  -1.09852 -0.784675
29   5.44807  -1.36335 -0.901343    5.4694  -1.24429 -0.838694
30   5.56744  -1.52765 -0.974166   5.59966  -1.39731 -0.892713
31  5.68081 -1.70208 -1.03841   5.72147  -1.55714 -0.946733
32  5.76474 -1.85005  -1.0969  5.83447 -1.72332 -1.00075
33  5.84535 -2.02166 -1.16288  5.93833 -1.89535 -1.05478
34  5.91594 -2.19952 -1.22229  6.03276 -2.07274 -1.10879
35  5.97952 -2.39193 -1.27815  6.11746 -2.25497 -1.16281
36  6.03763 -2.59806 -1.31184  6.19221  -2.4415 -1.21683
37  6.08524  -2.7957 -1.34305  6.25677 -2.63179 -1.27085
38  6.12723 -2.99124 -1.38244  6.31096 -2.82529 -1.32487
39  6.16218 -3.19718 -1.42114  6.35463 -3.02144 -1.37889
40  6.18437 -3.37431 -1.47301  6.38764 -3.21966 -1.43291
41  6.20016 -3.59942 -1.52541   6.4099 -3.41936 -1.48693
42  6.20137 -3.79655 -1.59348  6.42135 -3.61998 -1.54094
43  6.18921 -3.97819 -1.69159  6.42195 -3.82092 -1.59496
44  6.15947 -4.17389 -1.75288   6.4117 -4.02161 -1.64898
45  6.11462 -4.39202 -1.80112  6.39062 -4.22144   -1.703
46  6.06531 -4.57219 -1.88257  6.35859 -4.41958 -1.76167
47  5.98455 -4.79067 -1.99322  6.31285 -4.61479 -1.84907
48  5.95325    -4.86 -2.19983  6.29169  -4.6817 -2.04908
49  5.97273 -4.83737 -2.36892  6.29169  -4.6817 -2.24944
50  5.96817 -4.84008 -2.56456 6.29169 -4.6817 -2.4497
51  5.98669 -4.82904 -2.79019  6.29169  -4.6817 -2.64985
52  5.98445 -4.82968  -2.9565  6.29169  -4.6817 -2.84999
53  5.78757 -4.83527 -3.09571  6.09431 -4.71757 -2.97148
54  5.58872 -4.84082 -3.13355  5.89641 -4.75068 -2.98021
55  5.37768 -4.84222 -3.13686  5.69819 -4.78206 -2.98893
56  5.15797 -4.84328  3.13815  5.49969 -4.81172 -2.99766
57 4.94463 -4.8405 3.12657  5.30095 -4.83965 -3.00639
58  4.74891 -4.83718  3.11966  5.10197 -4.86583 -3.01511
59  4.58206 -4.83215  3.09564  4.90277 -4.89028 -3.02384
60  4.36169 -4.82245  3.11145  4.70336 -4.91299 -3.03257
61  4.18184 -4.81557  3.09662  4.50377 -4.93397 -3.04129
62  3.95761 -4.80472  3.08741    4.304 -4.95319 -3.05002
63  3.75677 -4.79318  3.08102  4.10406 -4.97068 -3.05875
64  3.54902 -4.78277  3.09286  3.90399 -4.98641 -3.06747
65 3.34523 -4.7729 3.10738  3.70378 -5.00041  -3.0762
66  3.11189 -4.76358  3.09172  3.50345 -5.01265 -3.08492
67  2.90125 -4.75634  3.10863  3.30304 -5.02315 -3.09365
68  2.70768 -4.74548  3.08409  3.10254 -5.03223 -3.09857
69  2.52353 -4.73587  3.09137  2.90201 -5.04042 -3.10293
70  2.32719 -4.72089  3.03971  2.70144 -5.04756 -3.11413
71  2.11564 -4.69688  3.01322  2.50076 -5.04784  3.11538
72  1.93015 -4.66811  2.96758  2.30039 -5.03691  3.05866
73  1.72759 -4.62631  2.91624  2.10095 -5.01465  3.00193
74  1.54291 -4.57955  2.86436   1.9031 -4.98111  2.94521
75  1.35345 -4.52043  2.81028  1.70747 -4.93641  2.88849
76  1.15501 -4.44443    2.732  1.51469 -4.88069  2.83177
77 0.947642  -4.3466   2.6782  1.32537 -4.81413  2.77505
78  0.78956 -4.26299    2.632  1.14013 -4.73694  2.71833
79 0.645954 -4.17612  2.55995  0.95956 -4.64938  2.66161
80 0.503842 -4.07711  2.50853 0.784245 -4.55172  2.60489
81 0.341357 -3.95211  2.46461 0.614986 -4.44449  2.54878
82 0.189758 -3.82519  2.41245 0.451762 -4.32778  2.49268
83 0.0385732  -3.68309   2.36189 0.295339  -4.2021  2.43657
84 -0.111843  -3.52866   2.30977  0.14621 -4.06784  2.38047
85 -0.245678  -3.37419   2.26633 0.00484227   -3.92543    2.32436
86 -0.381224  -3.20222    2.2051 -0.128318  -3.77531   2.26826
87 -0.490604   -3.0446   2.13753 -0.252851  -3.61796   2.21215
88 -0.584005  -2.89874   2.36563 -0.357507  -3.47004   2.41235
89 -0.609607  -2.87846   2.55953 -0.357556  -3.47004   2.61241
90 -0.629199  -2.86846   2.80893 -0.357605  -3.47004   2.81265
91 -0.656579  -2.86326   2.96538 -0.357653  -3.47004   3.01265
92 -0.618609  -2.86274  -3.08865 -0.357702  -3.47004  -3.07029
93 -0.615752  -2.86509  -2.91172 -0.357757  -3.47004  -2.87015
94 -0.795343  -2.92429  -2.83289 -0.546214  -3.53856  -2.79281
95 -0.974237   -2.9846  -2.79844 -0.734394  -3.60701  -2.79281
96 -1.16248 -3.05503  -2.7612 -0.922789  -3.67554  -2.79281
97 -1.36452 -3.13822 -2.74445 -1.11098 -3.74398 -2.79281
98 -1.54444 -3.21323 -2.75156 -1.29918 -3.81242 -2.79281
99 -1.73212 -3.28893 -2.76817 -1.48779 -3.88101 -2.79264
100 -1.91073  -3.3665 -2.68451 -1.67353 -3.95692  -2.7032
101 -2.09173 -3.47169 -2.56006 -1.85054 -4.05139 -2.59916
102 -2.24486 -3.58574 -2.46509 -2.01678 -4.16373 -2.49514
103 -2.39591 -3.71926 -2.36552 -2.17046 -4.29271 -2.39227
104 -2.53207 -3.86086 -2.30215 -2.31268 -4.43432 -2.33039
105 -2.66826 -4.02196 -2.22656 -2.44643 -4.58393 -2.26039
106 -2.77988    -4.18 -2.14349 -2.56648  -4.7447 -2.16362
107 -2.88974 -4.36973 -2.05199 -2.67042 -4.91632 -2.06685
108 -2.96867  -4.5352 -1.96739 -2.75739 -5.09698  -1.9723
109  -3.0436 -4.73957 -1.87488 -2.82707 -5.28491 -1.87901
110  -3.0961 -4.95944 -1.74426 -2.87893 -5.47852 -1.78572
111  -3.1177 -5.14408 -1.64251 -2.91253 -5.67612 -1.69243
112 -3.12214 -5.35414 -1.53581 -2.92765 -5.87601  -1.6004
113  -3.1074 -5.54282 -1.44598  -2.9245 -6.07621 -1.50933
114 -3.07224 -5.76321 -1.37467 -2.90315 -6.27558 -1.41889
115  -3.0231 -5.95591 -1.26925 -2.86397 -6.47211 -1.32876
116 -2.96468 -6.11875 -1.17618 -2.80725 -6.66431 -1.23864
117 -2.88526  -6.2882 -1.09158 -2.73347 -6.85063 -1.14851
118 -2.78805 -6.46158 -1.02149 -2.64322 -7.02955 -1.05839
119  -2.67885  -6.62499 -0.937496  -2.53723  -7.19961 -0.968264
120  -2.5721 -6.75882 -0.85595  -2.41637  -7.35945 -0.878141
121  -2.43472  -6.90258 -0.764773  -2.28161  -7.50776 -0.788016
122  -2.27986  -7.03936 -0.684464  -2.13405  -7.64333 -0.697889
123  -2.11217  -7.16564 -0.603746  -1.97489  -7.76507 -0.607759
124  -1.93655  -7.27489 -0.508324  -1.80542    -7.872 -0.517628
125  -1.74741  -7.36522 -0.380809  -1.62679  -7.96337 -0.428134
126  -1.57324  -7.42744 -0.296703  -1.44083  -8.03854 -0.339903
127  -1.38839  -7.47594 -0.210989  -1.24899  -8.09704 -0.251671
128 -1.19025 -7.51026 -0.11536  -1.05273   -8.1384 -0.163442
129 -0.983876  -7.52345 -0.023196   -0.85359   -8.16231 -0.0752116
130 -0.779912    -7.519 0.0650781  -0.65312  -8.16858 0.0130175
131 -0.558779  -7.49602  0.142972 -0.452878  -8.15716  0.101246
132 -0.361268  -7.45518  0.267718 -0.254422  -8.12813  0.189474
133 -0.170207  -7.39638  0.340029 -0.0592958   -8.08174   0.277702
134 0.0186113  -7.31889  0.435704 0.130983 -8.01833 0.365928
135   0.1701 -7.24153 0.512678 0.314933 -7.93841 0.454156
136 0.354973 -7.12675  0.60503 0.491356 -7.84251 0.541752
137 0.520078 -7.00049 0.702994  0.65877  -7.7317 0.624562
138 0.654188 -6.88144  0.74278 0.819064 -7.61163 0.651198
139 0.793152 -6.75207 0.741977 0.978652 -7.48999 0.651198
140 0.937316 -6.61695 0.757831  1.13828 -7.36834 0.651198
141  1.08439 -6.47997 0.746275   1.2979 -7.24668 0.651198
142   1.2198 -6.35372 0.747913  1.45753 -7.12502 0.651198
143  1.36445 -6.22027 0.746251  1.61716 -7.00336 0.651198
144  1.54634 -6.05324 0.738074  1.77679 -6.88171 0.651198
145  1.68964 -5.92451 0.731185  1.93641 -6.76005 0.651198
146  1.82215 -5.80431 0.730787  2.09602 -6.63839 0.651198
147  1.99039 -5.65067 0.765569  2.25469 -6.51552 0.677909
148  2.13339  -5.5064 0.827428  2.40794 -6.38598 0.725807
149  2.25991 -5.36535  0.86918  2.55481 -6.24925 0.773706
150  2.39111 -5.20174 0.921388  2.69497 -6.10564 0.821605
151  2.50044 -5.04684 0.990255  2.82809 -5.95549 0.869503
152  2.60467 -4.88422  1.02119  2.95387 -5.79914 0.917402
153  2.71814 -4.69132  1.05832  3.07202 -5.63694   0.9653
154  2.81808 -4.50986  1.08922  3.18227 -5.46926   1.0132
155  2.90745 -4.32362  1.14566  3.28437 -5.29651   1.0611
156    2.992 -4.12137  1.19413  3.37808 -5.11906    1.109
157  3.06174 -3.93308  1.24965  3.46318 -4.93732  1.15689
158  3.11861 -3.74581  1.31372  3.53949 -4.75172  1.20479
159  3.15786 -3.57295  1.38709  3.60671 -4.56307  1.25228
160   3.1923 -3.35965   1.4344  3.66506 -4.37096  1.29977
161  3.21674 -3.15542  1.47125  3.71423 -4.17629  1.34725
162  3.23314 -2.96889  1.51176   3.7541 -3.97951  1.39474
163  3.24059 -2.76534  1.55065  3.78458 -3.78105  1.44223
164  3.23979 -2.54481  1.58527  3.80561 -3.58137  1.48972
165  3.23059 -2.34422  1.63158  3.81714 -3.38092   1.5372
166  3.21417 -2.14177  1.68039  3.81914 -3.18014  1.58469
167  3.18911 -1.95836  1.72005   3.8116 -2.97949  1.63218
168   3.1576 -1.78627  1.78789  3.79455 -2.77943  1.67967
169  3.11159 -1.60217  1.83439 3.76802 -2.5804 1.72715
170  3.06064 -1.42429  1.87295  3.73207 -2.38285  1.77464
171    3.002 -1.25543  1.93164  3.68679 -2.18724  1.82213
172  2.92197 -1.04839  1.95564  3.63227 -1.99399  1.86961
173   2.84188 -0.862969   2.00365  3.56864 -1.80354   1.9171
174   2.75643 -0.686012   2.03784  3.49604 -1.61633  1.96459
175   2.66156 -0.515465   2.11706  3.41463 -1.43278  2.01208
176   2.54942 -0.336817   2.15857 3.32461 -1.2533 2.05956
177   2.43809 -0.180178   2.21285  3.22616 -1.07829  2.10705
178    2.31505 -0.0207949    2.24535   3.11952 -0.908151   2.15454
179   2.1794 0.139847  2.28932   3.00492 -0.743267   2.20203
180  2.06688 0.262359  2.34094   2.88262 -0.584007   2.24951
181 1.89828 0.42243 2.41762    2.7529 -0.430731     2.297
182 1.73082 0.56316 2.45932   2.61656 -0.284301   2.34408
183  1.57592 0.680407  2.51288   2.47292 -0.143821   2.39074
184  1.42193 0.786062  2.56348    2.32289 -0.0101943    2.43741
185  1.27009 0.877922  2.63848  2.16678 0.116289  2.48407
186  1.09205 0.972593  2.67268  2.00494 0.235354  2.53074
187 0.897459  1.06492  2.74161 1.83773 0.34674  2.5774
188 0.709283  1.13935  2.79225   1.6655 0.450204  2.62407
189 0.495444  1.21079  2.84353  1.48863 0.545523  2.67073
190 0.294586  1.26503  2.88897  1.30763 0.632755  2.70702
191 0.131145  1.30331  2.91912  1.12574 0.717181  2.70702
192 -0.0520948    1.34433     2.9118 0.943479  0.80177  2.70802
193 -0.250002   1.38451   2.97622 0.759025 0.881406  2.76825
194 -0.440892   1.40811   3.05953 0.569484  0.94801  2.83941
195 -0.634776   1.41601   3.13996 0.375688  1.00097  2.91056
196 -0.850578   1.40949  -3.08348 0.178618  1.04002  2.98171
197 -1.05351  1.38727 -2.98421 -0.0207293    1.06496    3.05287
198 -1.2728 1.34743 -2.9338 -0.221344   1.07566   3.12402
199 -1.48688  1.29344 -2.86206 -0.422213   1.07208  -3.08801
