0  6.80375 -2.11234   1.1324 
1 0.268018  9.04459  1.66478 
2 -7.40419 -7.82382   1.9957 
3  5.42715 0.534899  1.07966 
4 -6.15572  3.26454  1.56093 
5 0.795207 -2.49586  1.04099 
6  2.79958 -2.91903 0.751446 
7  1.7728 3.14608 1.43471 
8  -7.0468  7.62124 0.564322 
9 -1.66997 -6.60786  1.62722 
10 -4.11679 -5.35477 0.337954 
11 0.431267 -6.47579  1.03975 
12 -8.60187  -5.9069 0.154318 
13 -8.91885   7.4108  1.71068 
14    1.5886 -0.948483   0.74955 
15 4.95606 6.66477 1.70151 
16  7.77897 -8.46011 0.598828 
17 3.02264 0.21372 1.88586 
18 -1.30973 -9.93537 0.620228 
19 -9.18271 -1.72033 0.783935 
20  8.41829  3.69513 0.612521 
21  1.86423  3.33113 0.844889 
22 9.17274 8.37861 1.05949 
23 0.960841 -4.05423  1.61973 
24 -0.080452  -4.17893   1.27832 
25 -7.57482 -7.23523  0.55823 
26  2.17766 -4.82188  1.39508 
27 -4.69077  3.17493  1.04711 
28 -5.11346 -3.47973  0.91744 
29 -7.70664   7.3107 0.884023 
30 -3.96474   3.1424  1.23638 
31 0.597985  1.90091 0.552333 
32  -8.5982 -8.02325  1.69491 
33 -9.27345 -4.85062  1.11303 
34 -5.99295 -1.97625 0.737368 
35  4.74815  -4.7911 0.598636 
36   2.36894   2.85385 0.0740595 
37  2.37917  4.00602 0.271324 
38   3.0661 -3.73541  1.54006 
39 0.947942  4.77919  1.72994 
40 3.14402   9.906 1.74341 
41 -6.66091  5.90981  1.46034 
42  4.01821 0.363014  1.33044 
43 -1.73844 -5.05935 0.372934 
44 2.81533  1.9456 1.10959 
45  5.34027 -3.32862  0.14697 
46  8.09563 -4.84829  1.04645 
47  8.33045 -5.78617 0.426169 
48  1.27235 -5.14748  1.92436 
49 5.90463 2.78018 1.86273 
50  7.31358  2.46389 0.874665 
51 -9.72268 -6.78351  1.52004 
52 -5.11863  8.24781 0.264658 
53  3.23583  3.99574 0.689535 
54  5.04957 -4.04134  1.23748 
55  8.91003 -8.87956  1.70088 
56  4.58795 -5.49529 0.943313 
57  2.90268 -1.13322 0.923911 
58 -3.57045   3.3592 0.107321 
59  4.73494 -3.12081 0.560231 
60  -6.18033 -0.327033   1.69352 
61 5.14564  5.5501 1.97208 
62  6.19485 -8.09914 0.986921 
63 -1.31204  3.08057 0.704067 
64  3.36651 0.577697 0.750626 
65 -1.32483  -9.8913 0.599146 
66 0.541499 -6.45734  1.71146 
67 -5.56549  5.78487 0.503197 
68   0.322771    2.49316 0.00960517 
69  4.70623 -6.31949 0.666828 
70 -5.56165 0.138294  1.11385 
71 6.25994 5.46602 1.88619 
72 -1.13915 -2.42579 0.590089 
73 -4.55621  1.99289  1.72706 
74 -3.97662  -7.4784 0.997773 
75  6.17234  3.00981 0.750108 
76 -0.683305   6.57093    1.5693 
77 2.80736 4.34183 0.15973 
78 0.287033 -1.47177  0.62592 
79 7.07569 3.66197 1.14475 
80 -3.73626 -2.08632 0.177238 
81 -1.61712 -6.32398  1.12059 
82 6.06453  3.4512 1.71471 
83 8.42809 8.57355 1.64138 
84  4.43645 -2.98989  1.48811 
85  8.50839  -8.0143 0.941505 
86 -6.46599  2.78397  1.40708 
87  7.21568 0.915688 0.155001 
88  -2.65763   2.30982 0.0695629 
89   3.5064  4.47951 0.142429 
90 -5.75463 -2.29437  1.11131 
91  6.88226  -5.2913 0.331306 
92  -1.03154 -0.834629  0.789679 
93 -3.55098  2.73313   0.9607 
94  8.48208 -1.45409  1.13657 
95 -6.65518  5.51799  1.70204 
96 8.79299  5.7653 0.88616 
97 -7.16407  7.09296 0.439798 
98 -4.65834 -9.29922 0.590191 
99  7.29746 -3.44748  1.94379 
100 -4.87023  5.38243  1.42213 
101 -3.00875  4.61353  1.31046 
102  1.36152 -7.54672  1.72957 
103   1.1729  6.00259 0.436448 
104 -9.87149 -9.12217 0.913183 
105 -5.01476  2.93681  1.17488 
106  3.83491  5.37609 0.107308 
107  2.95345 -9.39352  1.22459 
108 -9.58584 -1.72536 0.252644 
109   0.258828 -0.0430644   0.244304 
110  1.93904 0.897708  1.30068 
111 -1.14423  1.37508 0.184888 
112   9.86221 -0.523182  0.108069 
113 2.47403 2.06822 0.59564 
114 -7.14222 -3.41383  1.99696 
115  5.0587 1.22121 1.59023 
116  1.81299  -3.7288 0.190452 
117 -4.41645 -9.68602 0.436718 
118  3.57757 -5.69868  1.05902 
119  2.51193 -2.46738 0.521405 
120 5.19543 2.18711 1.33994 
121 -1.72212 -8.02285   1.3402 
122  -5.7471 -9.25187 0.923043 
123 0.652932 -1.29568  1.87147 
124 -7.00236  6.12644  0.72068 
125 -6.79731  3.15043 0.589799 
126 -6.43372 -8.79689 0.929571 
127 -9.11268  8.38963 0.797377 
128 -1.79977 -7.91338  1.52749 
129 -3.63618 -3.66694  1.72406 
130 4.85245 6.92259 1.60983 
131 -5.92844 -1.43383  1.61815 
132  2.04061  1.75782 0.818763 
133 9.91241 8.19371 1.54412 
134 4.57277 4.22869 1.54313 
135  6.30394  7.73473 0.941228 
136 6.47318 7.90019 1.53202 
137  4.71445  -8.4875 0.859682 
138  2.54437 -4.14889 0.153177 
139 -4.27851   -7.338   1.4554 
140 5.24343 3.81462 1.24525 
141  5.45288 -8.12425  1.82255 
142 -7.05876  6.99384  1.02506 
143 0.535023 -9.69112  1.75951 
144 -8.73214  1.35634   1.7235 
145  -0.87675   9.76701 0.0580995 
146 -1.02238 -3.48964  1.62031 
147 -9.62134 -8.76479  1.24875 
148 2.29937 2.14853 1.80507 
149 -9.04824  8.70592 0.292386 
150 -6.00765  3.54683  1.06422 
151  9.87548 -8.51885  1.55829 
152  4.92149 -5.51673  1.95654 
153 -7.8243 8.40959 1.03625 
154 -1.47154 -9.05868 0.772391 
155 -3.91849 -5.24308 0.257936 
156  1.03362  1.89559 0.904747 
157 4.34453 6.31983 0.06285 
158 3.00153 3.35119 1.56286 
159  1.50406   1.1252 0.669175 
160 -2.7878 8.47583 1.69063 
161 4.86155 5.40813 1.68038 
162  8.10193 0.302402  1.39035 
163 -1.06757 -8.75867    1.886 
164   8.10692  -8.60112 0.0364341 
165  1.16946 0.521239 0.929555 
166 -1.83172  0.59836 0.812079 
167 -6.87487 -6.77734   0.8776 
168 -8.04963 -9.95774 0.267204 
169  2.58941  1.28083 0.826088 
170   5.00054   3.39837 0.0693624 
171 -9.33819  4.12756  1.41152 
172 -6.61782  4.65636   1.7983 
173 0.0678718   7.91655   1.68288 
174  5.60566 -3.02237  1.08273 
175 -0.442269   1.39201   1.46595 
176 0.829643  1.43509 0.611324 
177  7.78308 -2.04506  1.08552 
178 -8.81404  4.47676 0.708161 
179  3.01513 0.442374 0.612371 
180 3.20605 7.70948 1.62369 
181 -1.59564  5.11386  1.01352 
182  3.18774 -7.22349  0.18838 
183 -4.38814 -7.49134  1.36557 
184  1.38396 -2.07818 0.582772 
185   7.05244 -0.533106   1.82375 
186 -1.56051  2.55726  1.64035 
187 2.14245 -7.9674 1.90774 
188  8.12328 -5.88023  1.59553 
189 -1.60995  6.29963 0.339398 
190  3.08599  7.84101 0.217485 
191  4.07841    8.155 0.547834 
192 -1.21655  9.07365  1.64455 
193 -3.76795  7.18657 0.834489 
194  6.70696 -4.52538  1.91901 
195 -3.13006 -4.34906   1.6984 
196   6.9541 -4.70511  1.19076 
197 -4.10198 -4.06587  1.19573 
198   3.28632  -2.10317 0.0698982 
199 -9.88179 -4.57796  1.16708 
200 0.497568 -1.06702  1.34238 
201 -9.03308  8.86917  0.06868 
202  3.28876 0.397207  1.60297 
203 -6.48791 -9.45432  0.53128 
204  6.25803 -7.86217 0.385921 
205 0.409636  9.21737  1.07944 
206  5.51283 -1.81566  1.96449 
207   7.31853  -4.06339 0.0833206 
208 -3.13073  5.96595 0.888431 
209 -2.94987  4.54524  0.13084 
210 -6.9795 4.06241 1.75299 
211 -8.89227  4.53114   1.7608 
212  9.38141 -4.31368 0.552474 
213  9.83501 0.561575  1.72045 
214 3.36351 8.68624 1.25871 
215  9.4973 -4.0045  1.8074 
216 -0.692213 -0.715836  0.966347 
217  6.74908 -2.44807  1.86205 
218  -5.11446 -0.993102  0.158194 
219  -8.21678   2.00951 0.0564132 
220  1.49853 -7.94846   1.0831 
221    8.78908   -5.37493 0.00469398 
222  7.93943  5.05723 0.126047 
223 -6.14827 -8.32841  1.87615 
224 6.61528 -3.5474 1.09253 
225  7.53496 -8.81913  1.19848 
226 -0.000885725      4.89357      1.77096 
227 -2.42283 -6.86397 0.199775 
228 -8.20522  5.56303  1.97419 
229 0.448955  6.38873 0.970306 
230 -5.71077  7.99374 0.902652 
231  -9.2173 -5.56898 0.386278 
232   7.27782   5.78462 0.0480969 
233 -1.84082  2.75637 0.152297 
234 -0.0103712   -5.18677    1.88423 
235 -8.43083 0.680504  0.32169 
236 0.696951 -8.21632 0.990279 
237  7.15955 -3.85935  1.00518 
238 -9.98352  3.41532  0.82139 
239   2.816 8.08651 1.02497 
240 1.27101 2.33911  1.2199 
241 9.37877 8.43674 1.34482 
242 0.208035 -4.19154  1.92636 
243 9.51615 9.22812 1.80372 
244 6.86623 3.32011 1.01422 
245 -0.611731 -0.188382  0.968573 
246  4.43594 -8.28296  0.58445 
247 -4.72482 -7.20372   1.0174 
248 8.48194 9.98824 1.75666 
249 -9.26653  1.56108  1.74591 
250   -9.23543   -7.28589 0.00359106 
251 -0.935486   1.35842  0.196691 
252  5.72652 -5.78159  1.22575 
253 -2.81118 -9.46432 0.408503 
254 -7.38316  4.11519 0.474849 
255  9.48075  1.24828 0.678394 
256  4.05289 -7.16754  0.49838 
257  7.18483 -7.17898 0.179422 
258 -9.12365 -8.52568 0.142587 
259  4.55172 -1.80627 0.748604 
260 -6.79503  3.79133 0.783799 
261  5.20274 -6.06563 0.937845 
262 -0.558013 -0.716819   1.27195 
263 -7.11688 -6.33001  1.00361 
264 3.03735 9.27053 1.40403 
265  8.75802 -7.87008 0.361462 
266 -7.58487 -1.78699  1.03587 
267 -3.21885  8.92923  1.44806 
268 -7.33347  7.84232  1.10502 
269 -7.02923  9.52815 0.333563 
270 9.77013 2.47345 0.38705 
271 -5.96203  6.25643  1.36173 
272 -8.28338  7.21668  1.85061 
273  5.81978 -6.84101   1.9249 
274 -9.20505  3.91069 0.123858 
275 0.53784 7.01612 1.76875 
276     6.2312    2.11655 0.00856721 
277 0.240151 -3.17477  1.53397 
278 -3.60432 -8.96698  1.07205 
279   9.83794 -0.934827   1.56955 
280   3.5183 0.316381 0.171394 
281 -4.70647  4.98845  0.37961 
282 -4.75259  9.16586 0.533937 
283 -5.83445  5.26273 0.240706 
284 -7.62531 -4.63954  0.92608 
285 -2.3343   5.521 1.87933 
286  3.97146 -2.18868  1.34835 
287  6.02129 -9.28507  1.28856 
288 -3.29425 -8.19476   1.0075 
289  8.32755 -2.08935  1.48445 
290    4.4841 -0.630453   1.12061 
291 -6.47987 -8.40716 0.970693 
292 -2.28565 -5.36289 0.573503 
293 -5.44578  6.74835  1.83853 
294  -2.0894 -6.89535  1.21809 
295 -8.85407   1.7761   1.5399 
296   2.47202 -0.998851   1.69002 
297 9.01918 6.14134 1.40813 
298 -4.59583  9.24683  1.13285 
299 2.88914 -6.8695 1.09441 
300 9.90597 4.72323 1.58788 
301    1.4153 -0.804496  0.564699 
302 -5.13788  1.07485  1.10837 
303 0.0131726   1.57754  0.554051 
304 2.43439 3.69564 1.78829 
305  9.33005 -5.15045  1.57247 
306  -4.7095 -4.28915  1.44568 
307 -3.28897  3.47918 0.335497 
308  -5.6613 -4.04175  1.05071 
309   -2.125 -3.18671  0.72267 
310 4.49569 6.94659 1.82958 
311 1.61631  9.8927 1.72508 
312 -9.71245 -1.48349  1.16504 
313   3.19653 -0.487171   1.99062 
314  7.54996 -8.92898  1.45765 
315   3.4996  3.01432 0.527974 
316  4.85127 -1.45908  1.39254 
317   9.43567  -2.71118 0.0834062 
318 -1.03542 -9.03303  1.85605 
319  3.2659 -0.7038 1.31052 
320  2.24826  5.22367 0.179338 
321 -1.90922  4.79567  1.32536 
322 -2.84412  4.86267  1.48963 
323 0.882831  -6.7605 0.992156 
324 2.94858 7.80172 1.14706 
325  4.55727  2.02229 0.582285 
326 -0.420261  -5.25979   1.42366 
327  3.79536 -3.40211 0.583205 
328  -6.489 3.99476 1.38709 
329  9.56012 -4.84423  1.70152 
330 -7.05402 -3.67734  0.22944 
331   -3.0536 -0.278103  0.463205 
332 -3.61382  6.48245 0.775961 
333 -0.368562   9.93192   1.09224 
334 -1.16397 -2.26144 0.613781 
335 -9.84082  7.19603  1.65789 
336  5.65195 -8.82085 0.183952 
337 -1.24862  8.92836 0.579932 
338  -6.2171  4.71047 0.372958 
339 -4.40172 -6.16257  1.66693 
340 6.58145 2.15115 1.86855 
341  7.85278  1.82953 0.505756 
342 -7.83199  7.82571 0.220974 
343   4.4645   4.0792 0.296302 
344 -2.87288  7.58822 0.216127 
345 -1.71965 -8.20721  1.00309 
346 -1.15207  3.73357  1.48341 
347  7.24695 -5.32306 0.933352 
348   7.65192 -0.770271  0.727575 
349 8.17719 9.01875 1.88135 
350 -2.83346 -2.92831   1.5686 
351  -5.7696 -7.61706  1.86561 
352 -0.887179  -0.20472  0.612616 
353 3.93201 1.40514 1.08755 
354   8.28043  -4.34533 0.0717061 
355 -4.58586 -9.36908 0.430597 
356 -2.76475 -7.21025  1.11981 
357   6.7041  5.37462 0.114342 
358  -6.3068 -2.53998  1.66832 
359 0.376784 -3.26616  1.97137 
360 -9.29893  7.79442 0.988667 
361 7.83214 9.58188 1.27216 
362 -6.27899  2.75187  1.73884 
363   -9.8404 -0.345913   0.90226 
364 0.526205 -1.68587 0.585544 
365  8.24981 -7.53852  1.16265 
366  8.5365 8.21687 1.70064 
367 2.15925  1.1438 1.85807 
368      9.7724    -6.51735 0.000463843 
369 -3.03323 -4.18442 0.165159 
370 -8.08591   6.6964  1.85789 
371 -9.83063  -9.0312   1.2019 
372  7.88797 -2.28983  0.42179 
373   6.01511  -3.81134 0.0624222 
374  4.06281 -6.44392  1.00015 
375  -9.75541 -0.976866    1.5905 
376 6.31433 9.82549 1.54594 
377 0.164075  8.04694 0.291541 
378 -6.16142 -8.97566   1.5984 
379 6.76196 7.15993 1.77728 
380 -4.39801  7.74233 0.539406 
381 -5.44109 -9.94369  1.17732 
382  1.22377 -3.98131 0.798026 
383 8.50014 5.45002 1.09173 
384 -9.68551 -5.19493    0.464 
385 -9.78177 -7.41777  1.90676 
386  5.04467  9.50373 0.541465 
387 -0.12049  1.17185  1.04783 
388 -8.34164  1.15444  1.36046 
389 -6.79209 -2.47418  1.29339 
390  6.91706  3.33629 0.177531 
391    9.358  7.35138 0.271414 
392  6.52132  8.89672 0.177463 
393  1.38052  6.59159 0.431961 
394 7.17364 -5.3464 1.32468 
395  9.38658   4.9229 0.148075 
396 4.84886 2.48139 1.71935 
397   -4.77116 -0.0973839    1.27495 
398  2.52826 -1.17059 0.287179 
399 -4.52725  5.10989 0.241485 
400 -7.76397 -3.18302 0.527853 
401  7.02836  2.57165 0.532848 
402 -0.471569   6.27379  0.467024 
403  6.15639 -1.84221 0.424226 
404 -1.29497  6.53026  1.52471 
405 -1.2315  3.6975  1.5077 
406 -1.86212  4.89832 0.861132 
407 8.20917 1.64807 0.42221 
408 1.12847 9.86205 1.71078 
409 -2.73007 -4.94062 0.952623 
410   -8.5765 -0.449327   1.90103 
411  5.02844  7.82274 0.269444 
412 -7.09651  8.62522   1.7071 
413 -5.58496 -6.64936 0.689403 
414  4.33412 -8.58926  1.93225 
415 -3.96761 -6.52293  1.37751 
416 -8.17499 -7.20722 0.178357 
417 8.35634 -3.6231 1.02646 
418  7.28657 0.738157 0.234633 
419 -8.09601 -9.24336  1.17281 
420 -8.68756 -6.11617  1.13051 
421  8.16659 -4.28709 0.745649 
422 -1.84424 -5.22608 0.816477 
423 -6.26643  9.64077   1.6168 
424 -7.79161  3.64258 0.593749 
425    0.859445    -1.28402 0.000986099 
426 8.73133 6.26759 1.29526 
427  8.54744 0.322779  1.65466 
428 -3.75635  2.17562  1.43874 
429  3.46612 -6.68156  1.05739 
430 -3.61532  8.64642  1.17914 
431 -6.25363  -8.4467 0.855125 
432 -8.83119   -6.844 0.655258 
433 -8.35644 -5.84807  1.55247 
434 -7.11175 -6.70226  1.44423 
435 0.788128  9.25601 0.422135 
436  9.61697  6.58076 0.181848 
437  6.94667 -9.61393 0.382386 
438 1.31696   7.951 1.22203 
439  3.09502  8.82119 0.931956 
440 3.68768 8.14425 1.93041 
441 -4.98378   2.4802  1.26732 
442  7.06404 -2.21612 0.124803 
443 -9.12312 -9.26608  1.89974 
444  4.49751 -6.09985  1.51499 
445 7.43873 5.80956 1.58245 
446  4.49061 -5.03154  1.72788 
447 7.42423 5.01847 1.37541 
448   3.31508 -0.078975  0.517411 
449 4.56338 6.19488 1.84702 
450 1.29976 6.11083 1.33623 
451  8.74214 -5.39828  1.96171 
452  4.14898 -5.49206  1.31007 
453  -2.55093   6.47119 0.0967245 
454 1.86233  2.9644 1.52909 
455 -3.70254 -6.45547 0.825665 
456  6.4453 1.39613 1.29211 
457 -9.6436 9.88027 1.01786 
458  2.03336  6.04576 0.848916 
459 -2.63306 -6.23032 0.572224 
460 -5.23559  1.05546 0.927459 
461 -3.19884   9.9098 0.516526 
462 -9.14848 -8.79066  1.08368 
463  3.28669 -2.28948  1.99365 
464  1.19733  6.76293 0.123612 
465   -8.017 -9.28137  1.30065 
466 -2.46842 -9.67444  1.10285 
467 -7.88526 0.493559 0.584003 
468  4.12127 -5.45459  1.50793 
469   2.71417 -0.891737   1.46664 
470  0.418034  -3.38561 0.0401143 
471 -3.01274 -9.60276  1.01514 
472 -0.797505  -1.70253  0.795228 
473 -8.10425  5.63413  1.18406 
474  -7.47978 -0.970812  0.357633 
475 0.493599 -3.02969 0.287829 
476 -8.57144 -3.63405  1.39717 
477 -0.80974  7.78737  1.94815 
478 -1.21101  5.65441 0.721801 
479 -4.28822 -6.79042 0.911277 
480 -4.36951  6.72367 0.477232 
481  5.19871 -6.82983 0.392682 
482  5.33234 -6.06682 0.626917 
483 -9.60826 -6.53752  1.14971 
484    2.735 -5.39723  1.08044 
485  -9.15714   9.16935 0.0680375 
486 -5.48448  2.38115 0.576601 
487 4.88405 7.13333 1.60354 
488 -7.02668  0.44543  1.91526 
489 -9.02883  3.87174 0.612438 
490     -9.0594    0.935665 0.000278473 
491 0.262264  1.22571 0.829212 
492 0.556362 -3.88339  1.63965 
493 0.449256 -7.81531 0.296272 
494 -3.40052  1.73455  1.26853 
495 0.530477  2.50627  1.68562 
496  -5.4029  3.30387 0.160645 
497  -2.3315 -4.95426 0.837947 
498  6.12297 -6.99355 0.759315 
499 -1.11587   3.4322 0.791012 
500  6.53882  -8.5006 0.873254 
501 -7.25272 -2.97666  1.85152 
502  6.05304  9.78098 0.650217 
503 -2.76805 -1.06548 0.868836 
504 -6.66771  3.56203  0.50005 
505 1.41389 6.79699 1.00618 
506 0.807092   2.4654 0.732419 
507 -9.42832 -6.13458  1.43478 
508  1.08042 -3.84453  1.42997 
509  5.67171 -4.28978 0.747561 
510  8.81996 -7.13197 0.960652 
511 -5.44286 -6.91112  1.99791 
512 6.84034 1.29528 1.72887 
513 -5.33903  6.09065 0.309988 
514 -1.50183 0.108613  1.11978 
515 9.06715 8.87413 1.20885 
516  5.37705  8.12072 0.707928 
517 4.65093 7.71681 1.46287 
518  6.78082 -3.36061  1.46845 
519  2.19457 -0.10745  1.80331 
520 0.142449  6.00724  1.37143 
521 5.70895 5.46606 1.18111 
522 -4.97303 -7.14926   1.5941 
523 -7.82734 -2.89429   1.7985 
524 -4.27822  4.28524  0.38433 
525  0.923126  -8.51663 0.0528874 
526 9.31003 4.81708 1.78335 
527  -4.44293   2.31539 0.0860038 
528 -5.40703 -7.55897  1.91339 
529 0.0520372  -2.58174  0.970664 
530 -6.79699  6.92802  1.31125 
531  8.50501 -5.76181 0.934203 
532  3.22288 -2.46104 0.964956 
533   5.58998 -0.819219   1.49912 
534 -3.30831  7.01326 0.840593 
535 -5.79596  9.47781  1.30439 
536 -8.99105  8.51717 0.176732 
537  8.80648 -5.11816  1.18192 
538 -9.97205 -4.63422 0.234677 
539 -2.30734  3.37303  1.66489 
540  4.97211 -7.21286  1.40816 
541  -1.08128 0.0993681  0.153689 
542 0.70582 9.79576 1.13601 
543 -4.21606 -1.07571 0.564938 
544 -1.44182  4.48406 0.767532 
545 -6.39754 -2.93297  1.16866 
546 -1.73157 -6.66964 0.978905 
547 -1.6625 -8.4472 1.46991 
548  6.89683 -7.21222  1.46216 
549 6.67746 6.62672 0.10569 
550  9.81419 0.256965 0.751863 
551 -7.48944 -9.68199 0.662108 
552  -5.3642 0.485356  1.69333 
553 -7.79817 -2.55552  1.22241 
554 -9.25589  5.55768   1.8872 
555  -3.23479 -0.698266  0.181944 
556  9.44497  2.30119 0.747304 
557 -3.89491  8.45994 0.334522 
558 -8.80935  8.29905  1.63688 
559 -4.12303 -2.37946 0.774606 
560  1.34909 -5.25367 0.883908 
561 -1.96969  6.38631 0.348952 
562   8.1743 -8.36944   1.9434 
563 -5.59423  1.81657  0.91544 
564  7.53988  1.62676 0.852839 
565   1.66643  -5.65951 0.0302848 
566   2.56067  -6.81398 0.0606041 
567   8.5212 -7.82344   1.0061 
568 0.113889 -1.78038 0.555672 
569  3.30421  8.36394 0.984447 
570 -8.04405 -6.09889 0.433304 
571  5.39175 -3.53002  1.91979 
572 -9.46922 -0.35789 0.332968 
573   2.80226 -0.223019   1.42597 
574 -6.85915 -3.81316  1.53359 
575 -5.72483 -6.32965  1.60511 
576  -9.0205 -7.58662 0.967178 
577 -3.43923 -1.49857 0.209492 
578  0.75676  2.98442 0.766661 
579 7.01217 6.52074 1.06546 
580  -9.19519 0.0081563 0.0546172 
581    4.07335    3.45932 0.00924873 
582    7.5215 -0.754326   1.21162 
583 -7.49125  7.17553  1.28131 
584  2.48139 -7.99879 0.711336 
585  0.31286  8.91587 0.743232 
586 6.82757 6.31356 1.01559 
587 -5.44004   1.7405  1.34279 
588   4.92144 -0.328533  0.188298 
589 -8.1643 1.08167 1.59325 
590 9.77848 4.72017 1.63203 
591  1.62831  2.38396 0.875546 
592  6.7837 8.85792 1.37043 
593 -7.38322 -8.06791  1.77131 
594 -8.91936 -9.20671   1.1118 
595  -9.40508  -3.81887 0.0519623 
596 -0.80112  2.84645 0.689717 
597 0.293947 -4.34806  1.59234 
598 -7.77339  6.60662 0.866084 
599 0.0113606   3.52028  0.666388 
600 -5.35402 -2.66546 0.897347 
601 -9.86817  2.73724 0.796816 
602  2.07253 -8.08747  1.48123 
603  3.5739 4.14644 1.39661 
604  9.81645 -2.62235  0.21954 
605  7.09407  2.52623 0.506778 
606 -7.11186 -9.92021 0.174342 
607  -1.53317 -0.432456 0.0506119 
608  8.35329 -1.31899 0.688301 
609 -9.93644 -3.03997 0.778747 
610 -1.36632 0.149869   1.7961 
611 -9.43743 -4.47838   1.2953 
612  8.86681 -1.77072  1.35308 
613 -4.3298 3.24612 1.85855 
614 -3.18371  5.67527  1.05792 
615  1.35391 -8.93919  1.43634 
616 -2.49738  6.44802 0.323117 
617 0.428742 0.202464  1.74666 
618  8.87758 -8.03968  1.89763 
619   7.72875 -0.552731   1.35053 
620  3.79183 -6.47639  1.98746 
621   9.06221 -0.424277    1.4398 
622 0.0915158   3.45143   1.86343 
623  -4.66588 -0.199313   1.42408 
624   8.71866 -0.911081   0.51421 
625 -8.0943 3.92292 1.40888 
626 -5.04027 -6.82986  1.89122 
627 3.24706  5.1785 1.63532 
628  4.16935  6.97684 0.655666 
629 4.22821 -2.3013 1.34516 
630  6.71774  3.65399 0.474571 
631 -2.99474  1.98334 0.175001 
632    7.30159 -0.0215638  0.0567741 
633 -9.40037  8.24609  1.48482 
634 -7.18856 -6.61909  1.49731 
635  -5.75844  -5.68292 0.0226386 
636 -8.29021  4.66706 0.206593 
637  8.34653 -5.79388  1.94212 
638   1.4889  -6.0336 0.826091 
639  2.78527 -3.94144 0.384559 
640   3.1684  8.70259 0.498551 
641 -9.00366  7.34792 0.778323 
642 -3.01479 -4.92345  1.88872 
643 -8.81937  2.44918 0.616418 
644 -0.358672   1.18551   1.48467 
645 -6.28436  2.77479 0.175387 
646   5.26066 -0.594591  0.356881 
647 -9.6168 1.15376 1.16582 
648 -5.40156 -3.20518 0.526249 
649 -6.90012  3.74778 0.241581 
650 -5.67731 0.563468 0.358922 
651  1.63458 -4.93864  1.68504 
652  -8.00733   -9.9683 0.0537603 
653 -7.24254    5.151 0.545286 
654  -6.78641     1.261 0.0299294 
655  2.52565  2.04131 0.362039 
656 -9.23927  3.14342  1.78419 
657 -4.90779 -6.22815 0.711932 
658  2.25949  2.32124 0.339235 
659  1.21431  -8.8871 0.725215 
660 -9.91039 -1.60504  1.93906 
661  0.867562 -0.664287   1.40534 
662 -4.03306  3.58343 0.722486 
663 -3.73358    7.775 0.363037 
664  3.13295 -3.12019 0.590303 
665  2.33827 -6.40281 0.697946 
666 -9.94484 -8.63058 0.622782 
667  2.37009 0.484318  1.05481 
668 6.41059 3.02895 1.57108 
669  0.440624   5.17913 0.0933108 
670 -7.86071  2.65936  1.19365 
671  9.33211 -7.93282  1.77319 
672 -6.6789 8.76907 1.28627 
673    4.8129  -7.06594 0.0526125 
674 -0.913443   8.13917  0.177762 
675  4.9257 9.08642 1.49868 
676 -1.72377 -6.08089 0.135783 
677 -4.82813  7.14267 0.378661 
678  2.0515 6.54284 1.59679 
679 -4.40109 -2.80506 0.662795 
680 -7.88851 0.104959 0.364109 
681   4.5857    -0.94 0.747032 
682 -9.93848  5.35814 0.458143 
683 -5.23592  3.58173  1.79059 
684 -8.94209  9.32593 0.887809 
685  8.04009 -8.73831  1.19223 
686 -2.32158 -8.46093  1.16356 
687 -5.98708  1.07587 0.376363 
688  -2.78717   -8.9881 0.0621754 
689 -3.13467  1.80865  1.79316 
690 -8.64189  4.74628  1.10739 
691  -0.92952 -0.538903  0.925575 
692  7.33218 -6.93691  1.48841 
693 -9.10598 -1.63716 0.648126 
694 -7.92313  2.16778 0.447595 
695 0.804008 -2.25438 0.533988 
696 -7.99573 -9.33299 0.145221 
697  4.69923 -2.13747 0.859085 
698  8.22293 -2.71043 0.446117 
699 -9.84215 -5.42503 0.179761 
700 -7.98519 -7.76683 0.764154 
701 -4.03734 -9.24414  1.29569 
702 -0.51129 -7.95165 0.732126 
703  8.69677 -4.05271  1.51685 
704  4.4207 7.18291 1.13406 
705  -3.65922   5.72119 0.0247064 
706 -7.79022 -3.80722  1.29078 
707  2.96851 -9.16257 0.747104 
708 -7.10388 -6.12252  1.86162 
709  4.08471 -1.95421 0.556093 
710 -5.41087 -1.79468   1.7755 
711   1.3349  9.68937 0.728875 
712   7.74488   7.75892 0.0669072 
713 -9.02431 -8.83171  1.39779 
714 7.10354 8.96717  1.9954 
715  -5.94065  -2.31096 0.0290526 
716 -9.15706 -0.53399 0.427831 
717 4.76202 4.75793 1.36868 
718 7.09828 9.89644 1.59984 
719   -4.6204 -0.619619    1.5506 
720 -2.61249 -2.32453  1.47126 
721   9.3943 -9.85683 0.890908 
722 0.868497  -5.9352  1.97801 
723   6.07797   8.45437 0.0712194 
724 0.456207 -6.54708  1.51003 
725 -2.19704  3.13151 0.684929 
726 -1.68097  1.68026  1.01471 
727 -5.47881 0.206712 0.362561 
728 -6.02403 -9.40466  1.71995 
729 -5.12341  4.62043 0.027971 
730  8.56493  5.05101 0.886501 
731  4.42822 -5.07232 0.294884 
732 -6.98446  2.64693  1.59351 
733  7.64786 -6.86636   1.7285 
734 -5.65326 -8.37711 0.676457 
735  -5.69528 -0.650892  0.206726 
736 -4.60959  1.57402  1.31134 
737   8.00033 0.0514925  0.800736 
738 -3.96538 -7.92498 0.230898 
739  9.57994  1.64619 0.465991 
740    9.0343 -0.667731  0.871488 
741  1.45097 -8.65192 0.527007 
742    7.992 -6.59148  1.46626 
743  4.51936 -6.49683 0.546304 
744 -8.64869  9.36261 0.298369 
745    2.991 -6.40262   1.3243 
746   8.7317 -9.02629 0.731137 
747 -7.04015  9.31645  1.39317 
748 -5.22689 -3.54218  0.64579 
749  8.15754  1.80926 0.709834 
750   -2.86114 -0.0781387  0.0743878 
751 -0.697619  -5.32158  0.465867 
752     0.819 -0.206126   1.53089 
753  9.06145 -3.13941  1.42677 
754  7.92002 -1.78139   1.2215 
755  -2.22812  -3.63759 0.0567348 
756 -4.41237  6.88972  1.20509 
757 -9.65055  0.73958 0.930865 
758 -7.74529 -5.43615 0.550978 
759 8.27252 8.09406 1.83343 
760 -3.49028 -4.15014  1.25599 
761 -5.73035  5.92444 0.573525 
762  8.05849 -7.68151 0.816329 
763  2.60479 -5.80023  1.55503 
764  6.98742  -5.7278 0.900174 
765 8.82059  3.4497 1.39545 
766 -3.15326 -6.89006 0.910786 
767  -3.79136  -3.72642 0.0441843 
768  6.30418 -1.25103 0.943204 
769 -3.77951 -2.53583  1.55506 
770 -5.66349 -2.39003  1.86687 
771   4.82244 -0.711023   0.32094 
772 -8.91184 -6.50952  1.83229 
773 -9.86949 -8.05907  1.54178 
774 -2.67446 -4.43408  0.42214 
775  2.94775 -8.45651  1.90055 
776 0.241947 -1.41046  1.78991 
777   2.21842 -0.517669  0.820017 
778  6.75147  1.22618 0.368636 
779  4.49121  9.66228 0.272349 
780  0.438719   6.99782 0.0131466 
781 -7.06708  8.93653 0.530244 
782  6.01222 -9.84754 0.135336 
783 -3.00022 -3.78655  0.46926 
784 -4.70742 -7.28623  1.52386 
785 7.97654 8.38624 1.57845 
786 -9.39305 -6.02848 0.923389 
787 -9.76497 -3.51519  1.77116 
788 -9.64973 -4.93874 0.595114 
789  8.51763 -2.90885  1.18623 
790 8.76473 -4.9094 0.18123 
791  4.64636 -6.32866  1.29795 
792 9.80576 7.71141 1.19086 
793 -7.12646  7.31851  1.77525 
794 0.794119 -1.14907 0.612384 
795 -7.66642 -2.14359   1.0782 
796  -8.38405 0.0405216  0.688514 
797  1.31235 -1.62764 0.973823 
798 -3.3172 3.45104 1.60065 
799 -0.821428  -9.61344   1.86112 
800 -3.31164  3.37422  1.56823 
801  3.74958 -8.01034  1.11348 
802 -0.131663  -7.80167  0.516178 
803 6.96792 4.52229 1.24925 
804  4.37186  2.48413 0.652394 
805 -0.432329   1.88291   1.67407 
806  1.1637 3.09098 0.04023 
807 -6.68518  9.74525  1.25829 
808 -7.43323 -7.04833  1.54479 
809  6.6293 1.84302 1.42277 
810  -5.2504 -5.17139 0.529177 
811  7.45857 -4.57862 0.671719 
812 -8.13668 -6.93864 0.173123 
813  8.67352  5.91746 0.140556 
814 -9.90982  8.21107 0.948588 
815  3.00626 -1.33012  1.79279 
816 -3.77674  6.02556  1.71367 
817  6.42278  2.94831 0.961408 
818  2.09762 -7.65773  1.06915 
819  0.44293 -3.31065 0.771056 
820  -3.18229 -0.527518   0.98428 
821   2.7576 -3.17465 0.635626 
822  1.64804  8.66424 0.377956 
823 7.22955 3.44416 1.58081 
824 -2.43706 -9.80894 0.304571 
825 -3.25527 -5.40017  1.46355 
826 -0.102462   8.19914   1.06774 
827 -6.83541  7.52777  1.73677 
828 -6.79021  8.61818  0.35016 
829 -3.51111 -7.86954  1.81549 
830 -0.468645   9.96093   1.51551 
831  6.71069  7.97756 0.113047 
832 -1.36676  4.86755  1.38139 
833 -0.227817  -6.91683    1.7657 
834 -8.35017 -2.58758 0.489614 
835 -5.16853  7.54137  0.87678 
836 -5.24033 -3.36513 0.704287 
837 4.60625 1.33949 1.98452 
838 -8.91396 -5.60311  1.32434 
839  7.80937   -2.357 0.577944 
840 -5.45527  -7.2315  1.47812 
841 0.592527 -1.17019  1.37809 
842  8.68973 -8.64285 0.465483 
843 1.44285 0.15434 1.67784 
844 -6.84418 -3.27732 0.432494 
845  9.93621 -1.63604 0.483661 
846  4.90462  3.02086 0.172467 
847 -0.164145   5.59301  0.745047 
848  -3.82426 -0.837027  0.738965 
849 -7.84227 -9.85398  1.90094 
850 -7.57313 -3.40494  1.47494 
851 -8.11896  -5.6902 0.514447 
852 -4.11184 -3.97121  1.49253 
853 2.98761 8.75702 1.61216 
854 -0.889533    3.7049  0.383654 
855  2.88961 -6.48572  1.62466 
856 -1.93741  3.77625  1.00245 
857  8.44908   -7.678 0.580264 
858 -2.04185   3.2415   1.9309 
859 -8.22331  7.73747 0.315418 
860    6.7983  -3.99192 0.0963844 
861 -1.48323 -3.31306  1.27627 
862 -0.361359  -1.87141  0.808904 
863 -3.83299 -1.84903  1.90434 
864 -9.62411  9.27559 0.468281 
865  8.32795  5.96349 0.889723 
866 5.94777 3.16697 1.45931 
867  3.03312 0.241959 0.506957 
868  4.27213  6.55256 0.917154 
869 -1.31855  8.45371 0.140265 
870 0.626489 -9.28625 0.561604 
871 -7.08406 -3.31132 0.877924 
872 6.01936 7.40689 1.98641 
873 -4.7583 1.32318 1.52666 
874  9.39153  3.51147 0.599824 
875   -8.8602    7.4404 0.0158634 
876 -0.309773 0.0979447     1.919 
877 0.71696 5.98006 1.26595 
878  2.17437  2.62069 0.142763 
879 -1.03777  -7.0736  1.53035 
880 -0.158929  0.437144   1.02206 
881 0.655984     1.92 0.963149 
882  3.55841 -1.65382 0.812304 
883 -0.366193   1.02502  0.424703 
884 -1.23098 -5.83474 0.354712 
885  4.26556 -2.79193  1.84255 
886 4.27505  1.9818 1.30923 
887 -0.589846  -4.75566  0.390889 
888 -2.92488  -2.3625  1.92362 
889  9.10529  0.61666 0.226977 
890 -6.52311  -6.0143   1.6522 
891 -7.85403 -5.84016 0.443838 
892   5.72321 -0.168881   1.87281 
893 -6.31039  7.55734 0.152037 
894  -2.7479 -2.47506 0.841646 
895 -6.60928 -6.60471 0.563153 
896 -6.65554  2.22887 0.636598 
897 2.16766 7.37213 1.27844 
898  5.42776  1.14766 0.135163 
899 -3.62508  5.00481  1.28396 
900 -7.26924   2.6811  1.88357 
901  4.27493   9.8291 0.881606 
902  -8.2448 0.105236 0.944234 
903  3.52323 -4.15104 0.898397 
904  6.78646 -6.01543  1.25795 
905 3.40463 3.01031 1.75109 
906   9.4147 -7.16376  1.55634 
907  3.17582  8.82162 0.472325 
908 -0.499658 -0.787364    1.9825 
909  -3.4054  6.95298 0.919712 
910  3.13566  2.77277 0.987878 
911 5.84892 3.62342 1.12459 
912  8.87059 -8.69684  1.46198 
913 -5.99234  7.07755 0.743867 
914  7.69351   9.6421 0.149466 
915  -4.3995 -4.04216 0.491083 
916  -2.9733 0.125263 0.941928 
917 -2.83949 -7.62033  1.80364 
918  3.01659 -4.45921 0.245439 
919 -6.22256 -4.96665  1.99229 
920  5.23769  2.91714 0.712082 
921 -6.20023 -5.86784   1.3184 
922 -5.23527 -9.55124  1.05075 
923 -7.36371  -4.3409 0.677951 
924 0.662093    8.705  0.41533 
925 0.529882 -5.84008  1.51276 
926  5.93912  2.61526 0.313165 
927  1.60779 0.677913 0.957627 
928   3.9209  1.28746 0.836799 
929  0.9636 1.46623 1.16065 
930 -8.21688 -9.28198  1.63658 
931  1.75586 -5.38714  1.39743 
932 8.00415 8.38386 1.22267 
933 -8.85713  6.82144  1.43293 
934 -4.14755  6.17544  1.88931 
935  5.30353 -4.48665 0.264503 
936 0.0340641  -2.61675   1.98909 
937 -0.862394   3.13651  0.106664 
938 -7.27141 -9.72016 0.673051 
939 4.74527 1.36599 0.69263 
940  -5.5963 -7.18555 0.912359 
941 -1.45512 -5.80503 0.604123 
942  0.918109 -0.970675  0.373882 
943 3.75554 -8.5237 0.19983 
944  -0.919588 -0.0170875    1.26167 
945 -8.94077  7.65658  1.18488 
946 -4.89644  2.80783  1.34862 
947 2.02091 6.99652   1.435 
948 9.89249 6.62691  1.1536 
949   5.5599 -7.85133 0.113424 
950 -9.36198 -0.18122 0.791533 
951   6.6737   3.5688 0.645226 
952 -5.97337 -2.87247  1.01862 
953 -0.412783   6.64927   1.80002 
954 -2.39756 -6.72676 0.512041 
955 -5.35197  5.99809 0.600229 
956 -8.64615 -7.54545 0.111498 
957  -6.47294 -0.400703   1.38064 
958  -1.49215 -0.743943   1.87773 
959  -9.45723  -1.04181 0.0460467 
960 -5.54355  4.25221 0.912467 
961   2.0511 -5.61345   1.8394 
962 -1.94064 -1.66769 0.871744 
963  3.43662 0.321133 0.818773 
964 7.05355 8.57068 1.18221 
965 -0.286468  -2.58579   1.62172 
966 -1.07643  8.59514 0.636946 
967 -0.208975   2.27761   1.10881 
968 1.49378 3.79474 1.61185 
969    9.14815    -3.7616 0.00323284 
970 -7.76038 -3.06748  1.07745 
971   3.31545 -0.354025  0.722628 
972 1.57374 5.73936 1.48171 
973 -5.43255 -2.26539  1.51034 
974  -2.67271 -0.831674  0.134069 
975  9.02399  7.59587 0.541986 
976 -4.55116 -9.11273 0.978455 
977 -0.0222319   -5.82496     1.4721 
978  -1.37008 -0.252556  0.551642 
979 1.85923 1.93529 1.70345 
980 -3.12852  3.55376 0.601645 
981 -8.30504 -5.33199  1.51121 
982  8.99701    8.874 0.591807 
983 -7.32135 -8.78321  1.96232 
984 1.31957  7.4917 1.68677 
985 -0.314718  -8.65676  0.421482 
986 -8.09695  0.92533 0.253402 
987 -4.99943 -9.09275  1.23873 
988 -7.76137 -8.97853 0.379879 
989   2.80056   1.64033 0.0454248 
990 0.387522  9.53802  1.26903 
991  -6.70034 -0.640256 0.0878726 
992 8.85771 8.05495 1.50682 
993 0.543283  7.01877   1.6304 
994  6.97602 -3.03899  1.71037 
995  9.02387  8.75512 0.978687 
996  8.69677 -1.81871  1.52648 
997  1.38236  3.42996 0.112917 
998 -5.10542  -5.3237  1.73017 
999 -5.76205 -9.22106  1.47145 
